1001 3197 003,IMG_1437.jpg
1001 3198 003,IMG_1450.jpg
1001 3196 003,IMG_1451.jpg
1001 3195 003,IMG_1453.jpg
1025 3228 000,IMG_1458.jpg
1025 3227 000,IMG_1459.jpg
1025 3244 000,IMG_1462.jpg
1025 3243 000,IMG_1463.jpg
1025 3198 000,IMG_1466.jpg
1025 3197 000,IMG_1469.jpg
1025 3196 000,IMG_1471.jpg
1025 3195 000,IMG_1472.jpg
1025 1415 000,IMG_1474.jpg
1025 1414 000,IMG_1475.jpg
1025 003 050,IMG_1477.jpg
1024 1411 000,IMG_1479.jpg
1025 1417 000,IMG_1483.jpg
1025 1415 000,IMG_1486.jpg
1025 1413 000,IMG_1488.jpg
1025 1416 000,IMG_1484.jpg
1025 1399 000,IMG_1490.jpg
1001 3215 003,IMG_1491.jpg
1001 3216 003,IMG_1492.jpg
1001 3217 003,IMG_1493.jpg
1001 3243 003,IMG_1494.jpg
1001 3244 003,IMG_1495.jpg
1001 3227 003,IMG_1496.jpg
1001 3228 003,IMG_1497.jpg
1001 0651 003,IMG_1434.jpg